1 1 3 3 3 4 7 9
1 1 4 3 3 3 7 9
1 2 3 4 3 5 6 7
3 3 4 4 1 1 2 2
d
b
d
d

2 2 3 3 3 3 4 4
2 2 3 3 1 1 2 2
2 2 3 3 3 1 4 2
2 2 3 3 1 3 2 4
c
c
c
c

0 0 4 4 1 1 3 3
1 1 3 3 0 0 4 4
0 0 4 4 1 1 3 3
1 1 3 3 0 0 4 4
a
a
a
a

9 10 13 47 14 21 49 40
10 39 42 45 17 35 1 39
39 29 27 41 14 16 20 35
12 38 38 45 34 48 20 49
d
d
d
d

3 10 50 60 100 100 200 300
45 50 600 600 400 450 500 543
11 120 120 230 50 40 60 440
35 56 67 90 67 80 500 600
d
a
a
b

2 2 3 3 1 1 2 2
2 2 3 3 1 3 2 4
30 10 50 60 50 80 80 100
30 60 60 90 60 20 90 50
c
c
d
d
