7
3 2
1 2 3
3 3
5 20 10
4 3
4 3 2 1
10 3
1 1 1 4 5 6 7 8 9 10
4 2
100 10 10 5
50 2
500990978 123553601 92795603 18713273 234759748 872728886 697625986 157459379 907847636 602073504 36300310 488296142 935973964 192989160 574370275 919453748 937472442 656466913 185311738 285593485 160150435 600913965 503800427 538949917 767839807 501365240 373565816 110823001 886315385 269826153 454900769 583142255 673815367 783919307 346035264 495019893 616353149 368106874 392795811 433528061 898529377 445821505 530811156 78167416 593015232 851223766 98238509 459610111 346519374 398186430
50 49
500990978 123553601 92795603 18713273 234759748 872728886 697625986 157459379 907847636 602073504 36300310 488296142 935973964 192989160 574370275 919453748 937472442 656466913 185311738 285593485 160150435 600913965 503800427 538949917 767839807 501365240 373565816 110823001 886315385 269826153 454900769 583142255 673815367 783919307 346035264 495019893 616353149 368106874 392795811 433528061 898529377 445821505 530811156 78167416 593015232 851223766 98238509 459610111 346519374 398186430